Popsize: 400
MutationChance: 0.65
TopGhosts: 40
LowerGhosts: 6
NNSizes 16 40 2
01-Aug-2019
13:49:24
4.0
4.0
13.0
25.0
42.0
42.0
42.0
42.0
63.0
71.0
72.0
72.0
72.0
72.0
72.0
72.0
72.0
72.0
72.0
72.0
72.0
72.0
72.0
72.0
72.0
72.0
72.0
72.0
72.0
72.0
72.0
72.0
72.0
72.0
72.0
72.0
72.0
72.0
72.0
72.0
72.0
72.0
72.0
72.0
72.0
72.0
72.0
72.0
72.0
72.0
72.0
72.0
72.0
72.0
72.0
72.0
72.0
72.0
72.0
72.0
72.0
72.0
72.0
72.0
72.0
72.0
72.0
72.0
72.0
72.0
72.0
72.0
72.0
72.0
72.0
72.0
72.0
72.0
72.0
72.0
72.0
72.0
72.0
72.0
72.0
72.0
72.0
72.0
72.0
72.0
72.0
72.0
72.0
72.0
72.0
72.0
72.0
72.0
72.0
72.0
