Popsize: 400
MutationChance: 0.25
TopGhosts: 40
LowerGhosts: 6
NNSizes 16 40 2
31-Jul-2019
11:28:46
43.0
80.0
89.0
92.0
92.0
92.0
92.0
92.0
109.0
109.0
109.0
109.0
109.0
109.0
109.0
109.0
109.0
109.0
109.0
109.0
109.0
109.0
109.0
109.0
109.0
109.0
109.0
109.0
109.0
109.0
109.0
109.0
109.0
109.0
109.0
109.0
109.0
109.0
109.0
109.0
109.0
109.0
109.0
109.0
109.0
109.0
109.0
109.0
109.0
109.0
109.0
109.0
109.0
109.0
109.0
109.0
109.0
109.0
109.0
109.0
109.0
109.0
109.0
109.0
109.0
109.0
109.0
109.0
109.0
109.0
109.0
109.0
109.0
109.0
109.0
109.0
109.0
109.0
109.0
109.0
109.0
109.0
109.0
109.0
109.0
109.0
109.0
109.0
109.0
109.0
109.0
109.0
109.0
109.0
109.0
109.0
109.0
109.0
109.0
109.0
