Popsize: 400
MutationChance: 0.25
TopGhosts: 40
LowerGhosts: 6
NNSizes 16 40 2
31-Jul-2019
11:40:30
69.0
106.0
106.0
106.0
106.0
106.0
106.0
106.0
106.0
106.0
106.0
106.0
106.0
106.0
106.0
106.0
106.0
106.0
106.0
106.0
106.0
106.0
106.0
106.0
106.0
106.0
106.0
106.0
106.0
106.0
106.0
106.0
106.0
106.0
106.0
106.0
106.0
106.0
106.0
106.0
106.0
106.0
106.0
106.0
106.0
106.0
106.0
106.0
106.0
106.0
106.0
106.0
106.0
106.0
106.0
106.0
106.0
106.0
106.0
106.0
106.0
106.0
106.0
106.0
106.0
106.0
106.0
106.0
106.0
106.0
106.0
106.0
106.0
106.0
106.0
106.0
106.0
106.0
106.0
106.0
106.0
106.0
106.0
106.0
106.0
106.0
106.0
106.0
106.0
106.0
106.0
106.0
106.0
106.0
106.0
106.0
106.0
106.0
106.0
106.0
