Popsize: 400
MutationChance: 0.65
TopGhosts: 40
LowerGhosts: 6
NNSizes 16 40 2
01-Aug-2019
13:54:49
19.0
72.0
74.0
74.0
74.0
74.0
74.0
74.0
74.0
74.0
74.0
74.0
74.0
74.0
74.0
74.0
79.0
91.0
91.0
91.0
102.0
102.0
102.0
102.0
102.0
102.0
102.0
102.0
102.0
102.0
102.0
102.0
102.0
102.0
102.0
102.0
102.0
102.0
102.0
102.0
102.0
102.0
102.0
102.0
102.0
102.0
102.0
102.0
102.0
102.0
102.0
102.0
102.0
102.0
102.0
102.0
102.0
102.0
102.0
102.0
102.0
102.0
102.0
102.0
102.0
102.0
102.0
102.0
102.0
102.0
102.0
102.0
102.0
102.0
102.0
102.0
102.0
102.0
102.0
102.0
102.0
102.0
102.0
102.0
102.0
102.0
102.0
102.0
102.0
102.0
102.0
102.0
102.0
102.0
102.0
102.0
102.0
102.0
102.0
102.0
