Popsize: 400
MutationChance: 0.65
TopGhosts: 40
LowerGhosts: 6
NNSizes 16 40 2
01-Aug-2019
13:31:52
4.0
4.0
4.0
4.0
4.0
4.0
4.0
4.0
4.0
4.0
4.0
4.0
4.0
4.0
4.0
4.0
4.0
4.0
4.0
4.0
4.0
4.0
4.0
4.0
4.0
4.0
4.0
4.0
4.0
4.0
4.0
12.0
36.0
36.0
36.0
36.0
36.0
36.0
36.0
36.0
36.0
36.0
36.0
36.0
36.0
36.0
36.0
36.0
36.0
36.0
36.0
36.0
36.0
36.0
36.0
36.0
36.0
36.0
36.0
36.0
36.0
36.0
36.0
36.0
36.0
36.0
36.0
36.0
44.0
44.0
44.0
44.0
44.0
44.0
44.0
44.0
44.0
44.0
44.0
44.0
44.0
44.0
44.0
44.0
44.0
44.0
44.0
44.0
44.0
44.0
44.0
44.0
44.0
44.0
44.0
44.0
44.0
44.0
44.0
44.0
