Popsize: 400
MutationChance: 0.65
TopGhosts: 40
LowerGhosts: 6
NNSizes 16 40 2
01-Aug-2019
13:17:43
28.0
71.0
71.0
71.0
71.0
71.0
71.0
71.0
71.0
71.0
71.0
71.0
71.0
71.0
71.0
71.0
71.0
71.0
71.0
71.0
71.0
71.0
71.0
71.0
71.0
71.0
71.0
71.0
71.0
71.0
71.0
71.0
71.0
71.0
71.0
71.0
71.0
71.0
71.0
71.0
71.0
71.0
71.0
71.0
71.0
71.0
71.0
71.0
71.0
71.0
71.0
71.0
71.0
71.0
71.0
71.0
71.0
71.0
71.0
71.0
71.0
71.0
71.0
71.0
71.0
71.0
71.0
71.0
71.0
71.0
71.0
71.0
71.0
71.0
91.0
91.0
91.0
91.0
91.0
91.0
91.0
91.0
91.0
91.0
91.0
91.0
91.0
91.0
91.0
91.0
91.0
91.0
91.0
91.0
91.0
91.0
91.0
91.0
91.0
91.0
