Popsize: 400
MutationChance: 0.65
TopGhosts: 40
LowerGhosts: 6
NNSizes 16 40 2
01-Aug-2019
13:39:19
4.0
4.0
4.0
4.0
13.0
25.0
44.0
64.0
64.0
69.0
69.0
69.0
69.0
69.0
69.0
69.0
69.0
69.0
69.0
69.0
69.0
69.0
69.0
69.0
69.0
69.0
69.0
69.0
69.0
69.0
69.0
69.0
69.0
69.0
69.0
69.0
69.0
69.0
69.0
69.0
69.0
72.0
72.0
72.0
72.0
82.0
82.0
82.0
82.0
82.0
82.0
82.0
102.0
102.0
102.0
102.0
102.0
102.0
102.0
102.0
102.0
102.0
102.0
102.0
102.0
102.0
102.0
102.0
102.0
102.0
102.0
102.0
102.0
102.0
102.0
102.0
102.0
102.0
102.0
102.0
102.0
102.0
102.0
102.0
102.0
102.0
102.0
102.0
102.0
102.0
102.0
102.0
102.0
102.0
102.0
102.0
102.0
102.0
102.0
102.0
