Popsize: 400
MutationChance: 0.25
TopGhosts: 40
LowerGhosts: 6
NNSizes 16 40 2
31-Jul-2019
11:33:55
47.0
67.0
67.0
102.0
82.0
82.0
82.0
82.0
102.0
102.0
123.0
123.0
123.0
123.0
123.0
144.0
144.0
153.0
153.0
153.0
153.0
153.0
153.0
153.0
153.0
153.0
153.0
153.0
153.0
153.0
153.0
153.0
153.0
153.0
153.0
153.0
153.0
153.0
153.0
153.0
153.0
153.0
153.0
153.0
153.0
153.0
153.0
153.0
153.0
153.0
153.0
153.0
153.0
153.0
153.0
153.0
153.0
153.0
153.0
153.0
153.0
153.0
153.0
153.0
153.0
153.0
153.0
153.0
153.0
153.0
153.0
153.0
153.0
153.0
153.0
153.0
153.0
153.0
153.0
153.0
153.0
153.0
153.0
153.0
153.0
153.0
153.0
153.0
153.0
153.0
153.0
153.0
153.0
153.0
153.0
153.0
153.0
153.0
153.0
153.0
