Popsize: 400
MutationChance: 0.65
TopGhosts: 40
LowerGhosts: 6
NNSizes 16 40 2
01-Aug-2019
13:32:16
12.0
36.0
36.0
43.0
43.0
43.0
43.0
43.0
43.0
43.0
43.0
43.0
64.0
64.0
64.0
64.0
64.0
64.0
64.0
64.0
64.0
64.0
64.0
64.0
64.0
64.0
64.0
64.0
64.0
64.0
64.0
64.0
64.0
64.0
64.0
64.0
64.0
64.0
64.0
64.0
64.0
64.0
64.0
64.0
64.0
64.0
64.0
64.0
64.0
64.0
64.0
64.0
64.0
64.0
64.0
64.0
64.0
64.0
64.0
64.0
64.0
64.0
64.0
64.0
64.0
64.0
64.0
64.0
64.0
64.0
64.0
64.0
64.0
64.0
64.0
64.0
64.0
64.0
64.0
64.0
64.0
64.0
64.0
64.0
64.0
64.0
64.0
64.0
64.0
64.0
64.0
64.0
64.0
64.0
64.0
64.0
64.0
64.0
64.0
64.0
